ML	15/01/1971	15/02/1971	15/03/1971	15/04/1971	15/05/1971	15/07/1971	15/08/1971	15/09/1971	15/11/1971	15/12/1971
8	0	1	1	0	0	0	0	0	7	0
9	0	2	1	0	1	0	0	0	15	1
10	0	2	2	0	6	4	0	0	21	5
11	0	15	6	0	17	10	0	0	14	27
12	0	18	14	0	25	21	0	0	14	13
13	0	5	4	0	29	24	0	0	5	0
14	0	3	1	0	33	31	1	0	0	0
15	0	0	1	0	26	13	1	0	0	0
16	0	0	6	0	16	10	1	0	2	0
17	0	0	13	0	5	5	0	0	2	0
18	1	0	26	1	2	5	0	0	6	0
19	3	0	11	4	3	6	5	0	7	1
20	5	0	6	11	3	9	12	1	4	2
21	2	0	5	8	4	10	13	3	0	1
22	1	0	2	5	3	13	16	8	1	0
23	2	0	0	2	3	9	13	8	2	0
24	3	0	0	1	4	8	10	6	9	0
25	6	0	0	0	4	4	6	4	20	2
26	10	0	0	0	5	3	3	3	11	3
27	10	0	0	0	7	2	2	1	5	4
28	5	0	0	0	9	0	3	3	3	3
29	3	0	0	0	11	1	0	3	0	2
30	2	0	0	0	19	0	0	0	0	1
31	1	0	0	0	10	0	0	0	0	0
